Piemonte NC 4291441 8.3 43.7 8.2 28.5 55.0
Valle_d'Aosta NC 119610 5.6 46.6 7.3 29.1 69.2
Lombardia NC 8988951 6.1 44.1 9.9 28.8 55.4
Trentino NC 924281 3.9 45.8 6.1 22.8 63.0
Veneto NC 4469156 5.6 44.4 7.2 25.8 53.2
Friuli_Venezia_Giulia NC 1184654 7.1 42.7 9.0 29.3 60.4
Liguria NC 1641835 11.7 39.9 11.1 31.4 73.8
Emilia_Romagna NC 3947102 5.6 46.2 9.8 29.0 57.9
Toscana NC 3527303 8.4 42.4 9.0 29.2 61.6
Umbria NC 831714 10.2 40.0 9.1 35.5 62.5
Marche NC 1450879 6.5 42.4 8.9 28.4 53.9
Lazio NC 5242709 12.8 40.2 14.0 36.5 75.7
Abruzzo M 1276040 9.6 39.0 10.2 30.9 59.3
Molise M 329894 16.5 39.0 8.7 30.7 57.1
Campania M 5796899 25.5 35.0 10.2 29.2 66.1
Puglia M 4090068 17.7 34.5 8.9 27.1 61.9
Basilicata M 610330 18.1 35.2 7.5 26.8 54.1
Calabria M 2070992 25.2 33.8 10.8 31.3 67.2
Sicilia M 5108067 23.5 33.8 10.4 29.8 67.8
Sardegna M 1661429 21.0 37.8 7.7 25.1 64.4